240 
230 
220 
210 
240 
260 
270 
280 
290 
260 
240 
240 
240 
240 
240 
230 
220 
210 
200 
190 
196 
202 
208 
214 
220 
226 
232 
238 
244 
250 
240 
230 
220 
210 
200 
240 
230 
220 
210 
240 
240 
260 
270 
280 
290 
300 
310 
320 
330 
240 
230 
220 
210 
200 
190 
240 
230 
220 
210 
200 
190 
180 
170 
160 
150 
140 
130 
120 
110 
100 
90 
260 
240 
230 
220 
210 
200 
190 
180 
170 
160 
150 
140 
130 
120 
110 
260 
270 
280 
240 
230 
220 
210 
260 
270 
280 
290 
300 
310 
320 
330 
240 
230 
220 
210 
200 
190 
180 
240 
230 
220 
210 
220 
230 
240 
250 
260 
260 
270 
280 
290 
300 
310 
320 
330 
340 
350 
360 
370 
380 
390 
400 
410 
420 
430 
440 
450 
460 
470 
480 
490 
500 
490 
480 
470 
460 
450 
440 
430 
420 
410 
400 
390 
380 
370 
360 
350 
340 
240 
230 
220 
210 
220 
230 
240 
250 
260 
270 
280 
290 
300 
310 
320 
330 
340 
350 
360 
370 
380 
390 
400 
410 
420 
430 
440 
450 
460 
240 
230 
220 
210 
200 
190 
240 
230 
220 
210 
200 
190 
180 
170 
160 
150 
140 
130 
120 
110 
100 
90 
80 
70 
60 
50 
40 
30 
20 
10 
0 
10 
20 
30 
40 
50 
60 
70 
80 
90 
100 
110 
120 
130 
140 
150 
160 
170 
180 
190 
200 
210 
220 
230 
240 
250 
260 
270 
280 
290 
300 
310 
320 
330 
340 
350 
360 
370 
380 
390 
400 
410 
420 
430 
440 
450 
460 
470 
480 
490 
500 
500 
496 
486 
476 
466 
456 
446 
436 
426 
416 
406 
396 
386 
376 
366 
356 
362 
368 
374 
380 
386 
392 
398 
404 
410 
416 
422 
428 
434 
440 
446 
452 
462 
452 
442 
